58
JF934731.1_Enterobius_vermicularis             0.0000000 0.0170072 0.0179856 0.1346704 0.1221056 0.1558234 0.1470920 0.1357262 0.1796940 0.1796940 0.1794956 0.1794956 0.1727952 0.1727952 0.1979980 0.1979980 4.1153051 4.5395874 4.7165901 0.1037405 0.1090737 0.1311659 0.1087245 0.1068536 0.1077558 0.0884942 0.1795190 0.1728035 0.1795190 0.1728035 0.1749832 0.1749832 0.1179041 0.1174380 0.1726509 0.1726328 0.1143609 0.1143509 0.1150683 0.1737468 0.1611035 0.2054331 0.1688808 0.1741300 0.1152618 0.1741106 0.1152519 0.1752425 0.1634913 0.2085754 0.1255338 0.0997047 0.1023969 0.0985475 0.1102748 0.1107818 0.1368899 0.1056745 
FR687850.1_Enterobius_vermicularis             0.0170072 0.0000000 0.0000010 0.2160412 0.1842991 0.1571087 0.1741167 0.1508462 0.1641755 0.1641755 0.1639878 0.1639878 0.1570103 0.1570103 0.1826290 0.1826290 3.9785892 4.3344391 4.4547140 0.1398829 0.1225973 0.1159018 0.1225973 0.1223340 0.1225973 0.0682245 0.1263622 0.1263622 0.1263622 0.1263622 0.1276588 0.1276588 0.1191776 0.1191776 0.1269447 0.1269447 0.1185277 0.1185277 0.1185277 0.1269447 0.1694825 0.2073905 0.1283810 0.1283810 0.1198346 0.1283810 0.1198346 0.1283810 0.1720693 0.2106506 0.0000010 0.0000010 0.0000010 0.0000010 0.0000010 0.0000010 0.0000010 0.0000010 
AB626598.1_Enterobius_vermicularis             0.0179856 0.0000010 0.0000000 0.2308203 0.1998398 0.1571087 0.1821519 0.1591142 0.1675036 0.1675036 0.1673070 0.1673070 0.1601598 0.1601598 0.1864455 0.1864455 3.9931636 4.6356677 4.7903209 0.1449325 0.1264617 0.1193576 0.1264617 0.1261742 0.1264617 0.0511160 0.1341767 0.1341767 0.1341767 0.1341767 0.1356410 0.1356410 0.1264330 0.1264330 0.1348357 0.1348357 0.1257022 0.1257022 0.1257022 0.1348357 0.1784580 0.2279901 0.1364561 0.1364561 0.1271724 0.1364561 0.1271724 0.1364561 0.1814705 0.2320344 0.0000010 0.0000010 0.0000010 0.0000010 0.0000010 0.0000010 0.0000010 0.0000010 
EF464553.1_Syphacia_muris                      0.1346704 0.2160412 0.2308203 0.0000000 0.2726067 0.0900426 0.0126571 0.0630194 0.1047560 0.1047560 0.1047560 0.1047560 0.1005833 0.1005833 0.1135382 0.1135382 0.0000010 0.0000010 0.0000010 0.5465353 0.0949805 0.1619778 0.0912913 0.0891427 0.0897011 0.0760451 0.0000010 0.0000010 0.0000010 0.0000010 0.0000010 0.0000010 0.0000010 0.0000010 0.0000010 0.0000010 0.0000010 0.0000010 0.0000010 0.0000010 0.1302070 0.0958140 0.0000010 0.0000010 0.0000010 0.0000010 0.0000010 0.0000010 0.1320074 0.0970457 0.0723034 0.0811898 0.0893909 0.0673839 0.0949955 0.0738519 0.0729793 0.1013800 
EF464554.1_Syphacia_obvelata                   0.1221056 0.1842991 0.1998398 0.2726067 0.0000000 0.0028049 0.0681220 0.0033392 0.0000010 0.0000010 0.0000010 0.0000010 0.0031921 0.0031921 0.0231413 0.0231413 0.0000010 0.0000010 0.0000010 0.4566921 0.0874463 0.1283774 0.0839598 0.0817284 0.0831496 0.0716320 0.0000010 0.0000010 0.0000010 0.0000010 0.0000010 0.0000010 0.0000010 0.0000010 0.0000010 0.0000010 0.0000010 0.0000010 0.0000010 0.0000010 0.0953806 0.0000010 0.0000010 0.0000010 0.0000010 0.0000010 0.0000010 0.0000010 0.0966444 0.0000010 0.0000010 0.0925754 0.0892710 0.0033595 0.0948480 0.0000010 0.0000010 0.0965605 
AB629697.1_Syphacia_frederici                  0.1558234 0.1571087 0.1571087 0.0900426 0.0028049 0.0000000 0.0721701 0.0081068 0.0071667 0.0071667 0.0071627 0.0071627 0.0014215 0.0014215 0.0298665 0.0298665 3.8154188 4.2008163 4.2949629 0.0927702 0.0784800 0.0895944 0.0784800 0.0802352 0.0784800 0.0000010 0.0180737 0.0180737 0.0179825 0.0179825 0.0182298 0.0181370 0.1067928 0.1067928 0.0181421 0.0181421 0.1061926 0.1061926 0.1061926 0.0181421 0.0993977 0.0030827 0.0183183 0.0183183 0.1073998 0.0183183 0.1073998 0.0183183 0.1008767 0.0031208 0.0000010 0.0000010 0.0000010 0.0000010 0.0000010 0.0000010 0.0000010 0.0000010 
KY462829.1_Syphacia_muris                      0.1470920 0.1741167 0.1821519 0.0126571 0.0681220 0.0721701 0.0000000 0.0569762 0.0675281 0.0675281 0.0675865 0.0675865 0.0676308 0.0676308 0.0790540 0.0790540 4.1159483 4.5273275 4.9263315 0.0961843 0.0953630 0.1210099 0.0928752 0.0935286 0.0906538 0.0860122 0.0421817 0.0421817 0.0421817 0.0421817 0.0424644 0.0424644 0.1119560 0.1119560 0.0423058 0.0423058 0.1114839 0.1114839 0.1114839 0.0423058 0.1289614 0.1071294 0.0426243 0.0426243 0.1124321 0.0426243 0.1124321 0.0426243 0.1307278 0.1085316 0.0651326 0.0860039 0.0994759 0.0632524 0.1069277 0.0690145 0.0825102 0.1234536 
KY462826.1_Syphacia_obvelata                   0.1357262 0.1508462 0.1591142 0.0630194 0.0033392 0.0081068 0.0569762 0.0000000 0.0038759 0.0038759 0.0012873 0.0012873 0.0064793 0.0064793 0.0227581 0.0227581 4.0009048 4.0118805 4.4457360 0.0809020 0.0841405 0.0937879 0.0820504 0.0826371 0.0818998 0.0753605 0.0200757 0.0200757 0.0200757 0.0200757 0.0202030 0.0202030 0.1256025 0.1256025 0.0201312 0.0201312 0.1250662 0.1250662 0.1250662 0.0201312 0.0917558 0.0027707 0.0202754 0.0202754 0.1261436 0.0202754 0.1261436 0.0202754 0.0929669 0.0028013 0.0029578 0.0925623 0.0892558 0.0067853 0.0948310 0.0038776 0.0064827 0.1097955 
OK138900.1_Syphacia_obvelata                   0.1796940 0.1641755 0.1675036 0.1047560 0.0000010 0.0071667 0.0675281 0.0038759 0.0000000 0.0000010 0.0025798 0.0025798 0.0051778 0.0051778 0.0241473 0.0241473 3.8691191 3.9862112 4.2987050 0.1082514 0.0869496 0.0913481 0.0869496 0.0904007 0.0869496 0.0000010 0.0000010 0.0000010 0.0000010 0.0000010 0.0000010 0.0000010 0.1043264 0.1043264 0.0000010 0.0000010 0.1038849 0.1038849 0.1038849 0.0000010 0.1181989 0.0000010 0.0000010 0.0000010 0.1047717 0.0000010 0.1047717 0.0000010 0.1203050 0.0000010 0.0000010 0.0000010 0.0000010 0.0000010 0.0000010 0.0000010 0.0000010 0.0000010 
OK138907.1_Syphacia_obvelata                   0.1796940 0.1641755 0.1675036 0.1047560 0.0000010 0.0071667 0.0675281 0.0038759 0.0000010 0.0000000 0.0025798 0.0025798 0.0051778 0.0051778 0.0241473 0.0241473 3.8691191 3.9862112 4.2987050 0.1082514 0.0869496 0.0913481 0.0869496 0.0904007 0.0869496 0.0000010 0.0000010 0.0000010 0.0000010 0.0000010 0.0000010 0.0000010 0.1043264 0.1043264 0.0000010 0.0000010 0.1038849 0.1038849 0.1038849 0.0000010 0.1181989 0.0000010 0.0000010 0.0000010 0.1047717 0.0000010 0.1047717 0.0000010 0.1203050 0.0000010 0.0000010 0.0000010 0.0000010 0.0000010 0.0000010 0.0000010 0.0000010 0.0000010 
OK138885.1_Syphacia_nigeriana                  0.1794956 0.1639878 0.1673070 0.1047560 0.0000010 0.0071627 0.0675865 0.0012873 0.0025798 0.0025798 0.0000000 0.0000010 0.0051752 0.0051752 0.0241336 0.0241336 3.9312024 3.9502807 4.3466547 0.1082514 0.0871765 0.0916064 0.0871765 0.0906369 0.0871765 0.0000010 0.0067176 0.0067176 0.0067176 0.0067176 0.0067602 0.0067602 0.1098821 0.1098821 0.0067361 0.0067361 0.1094108 0.1094108 0.1094108 0.0067361 0.1181989 0.0000010 0.0067845 0.0067845 0.1103575 0.0067845 0.1103575 0.0067845 0.1203050 0.0000010 0.0000010 0.0000010 0.0000010 0.0000010 0.0000010 0.0000010 0.0000010 0.0000010 
OK138886.1_Syphacia_nigeriana                  0.1794956 0.1639878 0.1673070 0.1047560 0.0000010 0.0071627 0.0675865 0.0012873 0.0025798 0.0025798 0.0000010 0.0000000 0.0051752 0.0051752 0.0241336 0.0241336 3.9312024 3.9502807 4.3466547 0.1082514 0.0871765 0.0916064 0.0871765 0.0906369 0.0871765 0.0000010 0.0067176 0.0067176 0.0067176 0.0067176 0.0067602 0.0067602 0.1098821 0.1098821 0.0067361 0.0067361 0.1094108 0.1094108 0.1094108 0.0067361 0.1181989 0.0000010 0.0067845 0.0067845 0.1103575 0.0067845 0.1103575 0.0067845 0.1203050 0.0000010 0.0000010 0.0000010 0.0000010 0.0000010 0.0000010 0.0000010 0.0000010 0.0000010 
OK138897.1_Syphacia_frederici                  0.1727952 0.1570103 0.1601598 0.1005833 0.0031921 0.0014215 0.0676308 0.0064793 0.0051778 0.0051778 0.0051752 0.0051752 0.0000000 0.0000010 0.0269125 0.0269125 3.8180902 3.8887788 4.2040884 0.1039188 0.0852206 0.0894541 0.0852206 0.0886536 0.0852206 0.0000010 0.0101301 0.0101301 0.0101301 0.0101301 0.0101948 0.0101948 0.1088351 0.1088351 0.0101581 0.0101581 0.1083725 0.1083725 0.1083725 0.0101581 0.1132488 0.0035573 0.0102316 0.0102316 0.1093017 0.0102316 0.1093017 0.0102316 0.1152555 0.0036078 0.0000010 0.0000010 0.0000010 0.0000010 0.0000010 0.0000010 0.0000010 0.0000010 
OK138899.1_Syphacia_frederici                  0.1727952 0.1570103 0.1601598 0.1005833 0.0031921 0.0014215 0.0676308 0.0064793 0.0051778 0.0051778 0.0051752 0.0051752 0.0000010 0.0000000 0.0269125 0.0269125 3.8180902 3.8887788 4.2040884 0.1039188 0.0852206 0.0894541 0.0852206 0.0886536 0.0852206 0.0000010 0.0101301 0.0101301 0.0101301 0.0101301 0.0101948 0.0101948 0.1088351 0.1088351 0.0101581 0.0101581 0.1083725 0.1083725 0.1083725 0.0101581 0.1132488 0.0035573 0.0102316 0.0102316 0.1093017 0.0102316 0.1093017 0.0102316 0.1152555 0.0036078 0.0000010 0.0000010 0.0000010 0.0000010 0.0000010 0.0000010 0.0000010 0.0000010 
OK138904.1_Syphacia_stroma                     0.1979980 0.1826290 0.1864455 0.1135382 0.0231413 0.0298665 0.0790540 0.0227581 0.0241473 0.0241473 0.0241336 0.0241336 0.0269125 0.0269125 0.0000000 0.0000010 4.0672153 4.1851114 4.4760473 0.1080647 0.0924565 0.0971257 0.0924565 0.0959708 0.0924565 0.0000010 0.0244439 0.0244439 0.0244439 0.0244439 0.0246059 0.0246059 0.1260886 0.1260886 0.0245146 0.0245146 0.1255310 0.1255310 0.1255310 0.0245146 0.1179628 0.0258948 0.0246979 0.0246979 0.1266512 0.0246979 0.1266512 0.0246979 0.1200593 0.0262791 0.0000010 0.0000010 0.0000010 0.0000010 0.0000010 0.0000010 0.0000010 0.0000010 
OK138908.1_Syphacia_stroma                     0.1979980 0.1826290 0.1864455 0.1135382 0.0231413 0.0298665 0.0790540 0.0227581 0.0241473 0.0241473 0.0241336 0.0241336 0.0269125 0.0269125 0.0000010 0.0000000 4.0672153 4.1851114 4.4760473 0.1080647 0.0924565 0.0971257 0.0924565 0.0959708 0.0924565 0.0000010 0.0244439 0.0244439 0.0244439 0.0244439 0.0246059 0.0246059 0.1260886 0.1260886 0.0245146 0.0245146 0.1255310 0.1255310 0.1255310 0.0245146 0.1179628 0.0258948 0.0246979 0.0246979 0.1266512 0.0246979 0.1266512 0.0246979 0.1200593 0.0262791 0.0000010 0.0000010 0.0000010 0.0000010 0.0000010 0.0000010 0.0000010 0.0000010 
EU263105.2_Syphacia_obvelata                   4.1153051 3.9785892 3.9931636 0.0000010 0.0000010 3.8154188 4.1159483 4.0009048 3.8691191 3.8691191 3.9312024 3.9312024 3.8180902 3.8180902 4.0672153 4.0672153 0.0000000 2.7429764 2.7874296 0.0000010 3.7674002 3.5370620 3.7920571 3.7607244 3.7618598 0.0000010 3.8441001 3.8525940 3.8599148 3.8684476 3.7592431 3.7753610 3.6788939 3.7028465 3.8931992 3.9631818 3.8623614 3.7948182 3.8443978 3.9439284 0.0000010 0.0000010 3.8842935 3.8258691 3.7958066 3.8943659 3.7296437 3.8759473 0.0000010 0.0000010 0.0000010 0.0000010 0.0000010 0.0000010 0.0000010 0.0000010 0.0000010 0.0000010 
MT135057.1_Syphacia_obvelata                   4.5395874 4.3344391 4.6356677 0.0000010 0.0000010 4.2008163 4.5273275 4.0118805 3.9862112 3.9862112 3.9502807 3.9502807 3.8887788 3.8887788 4.1851114 4.1851114 2.7429764 0.0000000 0.0535634 0.0000010 4.1724930 4.3957419 4.3277168 4.4836055 4.3277168 0.0000010 3.5434894 3.5509556 3.5077904 3.5150192 3.4634341 3.4283657 3.7824310 3.8096349 3.6428279 3.7139720 3.9728576 3.8951854 3.9514010 3.6960093 0.0000010 0.0000010 3.6341373 3.5741597 3.8964799 3.6436128 3.8207738 3.6265394 0.0000010 0.0000010 0.0000010 0.0000010 0.0000010 0.0000010 0.0000010 0.0000010 0.0000010 0.0000010 
MT135058.1_Syphacia_obvelata                   4.7165901 4.4547140 4.7903209 0.0000010 0.0000010 4.2949629 4.9263315 4.4457360 4.2987050 4.2987050 4.3466547 4.3466547 4.2040884 4.2040884 4.4760473 4.4760473 2.7874296 0.0535634 0.0000000 0.0000010 4.4367824 4.4330752 4.6532214 4.8307756 4.6532214 0.0000010 3.6769533 3.6854105 3.6388481 3.6470316 3.5939294 3.5565135 3.9081003 3.9361426 3.7759012 3.8515678 4.1005326 4.0189301 4.0770608 3.8314943 0.0000010 0.0000010 3.7664772 3.7032192 4.0204692 3.7769753 3.9410316 3.7579167 0.0000010 0.0000010 0.0000010 0.0000010 0.0000010 0.0000010 0.0000010 0.0000010 0.0000010 0.0000010 
EF464551.1_Aspiculuris_tetraptera              0.1037405 0.1398829 0.1449325 0.5465353 0.4566921 0.0927702 0.0961843 0.0809020 0.1082514 0.1082514 0.1082514 0.1082514 0.1039188 0.1039188 0.1080647 0.1080647 0.0000010 0.0000010 0.0000010 0.0000000 0.0041851 0.0447843 0.0025002 0.0000010 0.0000010 0.0000010 0.0000010 0.0000010 0.0000010 0.0000010 0.0000010 0.0000010 0.0000010 0.0000010 0.0000010 0.0000010 0.0000010 0.0000010 0.0000010 0.0000010 0.0056801 0.0993844 0.0000010 0.0000010 0.0000010 0.0000010 0.0000010 0.0000010 0.0057444 0.1007126 0.0889339 0.0000010 0.0067595 0.0851635 0.0000010 0.0948480 0.0881107 0.0000010 
MH215350.1_Aspiculuris_tetraptera              0.1090737 0.1225973 0.1264617 0.0949805 0.0874463 0.0784800 0.0953630 0.0841405 0.0869496 0.0869496 0.0871765 0.0871765 0.0852206 0.0852206 0.0924565 0.0924565 3.7674002 4.1724930 4.4367824 0.0041851 0.0000000 0.0248263 0.0042314 0.0042251 0.0006096 0.0058048 0.1085340 0.1034670 0.1085340 0.1034670 0.1045998 0.1045998 0.0000010 0.0000010 0.1061743 0.1061858 0.0030051 0.0030041 0.0030213 0.1068192 0.0056801 0.0993844 0.1027782 0.1069767 0.0030244 0.1069881 0.0030234 0.1076309 0.0057444 0.1007126 0.0925754 0.0000010 0.0067595 0.0851635 0.0000010 0.0948480 0.1234158 0.0162089 
KP338606.1_Aspiculuris_tetraptera              0.1311659 0.1159018 0.1193576 0.1619778 0.1283774 0.0895944 0.1210099 0.0937879 0.0913481 0.0913481 0.0916064 0.0916064 0.0894541 0.0894541 0.0971257 0.0971257 3.5370620 4.3957419 4.4330752 0.0447843 0.0248263 0.0000000 0.0248263 0.0261239 0.0248263 0.1059483 0.0915858 0.0915858 0.0915858 0.0915858 0.0924398 0.0924398 0.0084220 0.0084220 0.0919659 0.0919659 0.0083845 0.0083845 0.0083845 0.0919659 0.0360639 0.1200745 0.0929185 0.0929185 0.0084598 0.0929185 0.0084598 0.0929185 0.0364972 0.1217433 0.0000010 0.0000010 0.0000010 0.0000010 0.0000010 0.0000010 0.0000010 0.0000010 
KY462827.1_Aspiculuris_tetraptera              0.1087245 0.1225973 0.1264617 0.0912913 0.0839598 0.0784800 0.0928752 0.0820504 0.0869496 0.0869496 0.0871765 0.0871765 0.0852206 0.0852206 0.0924565 0.0924565 3.7920571 4.3277168 4.6532214 0.0025002 0.0042314 0.0248263 0.0000000 0.0018027 0.0000020 0.0034620 0.1109353 0.1109353 0.1109353 0.1109353 0.1117879 0.1117879 0.0067552 0.0067552 0.1113172 0.1113172 0.0067311 0.0067311 0.0067311 0.1113172 0.0056801 0.0993844 0.1122625 0.1122625 0.0067795 0.1122625 0.0067795 0.1122625 0.0057444 0.1007126 0.0925754 0.0000010 0.0067595 0.0851635 0.0000010 0.0948480 0.1084515 0.0095639 
MT755640.1_Aspiculuris_tetraptera              0.1068536 0.1223340 0.1261742 0.0891427 0.0817284 0.0802352 0.0935286 0.0826371 0.0904007 0.0904007 0.0906369 0.0906369 0.0886536 0.0886536 0.0959708 0.0959708 3.7607244 4.4836055 4.8307756 0.0000010 0.0042251 0.0261239 0.0018027 0.0000000 0.0012213 0.0000010 0.1154793 0.1154793 0.1154793 0.1154793 0.1163724 0.1163724 0.0101751 0.0101751 0.1158799 0.1158799 0.0101387 0.0101387 0.0101387 0.1158799 0.0056801 0.0993844 0.1168692 0.1168692 0.0102119 0.1168692 0.0102119 0.1168692 0.0057444 0.1007126 0.0925754 0.0000010 0.0067595 0.0851635 0.0000010 0.0948480 0.0988491 0.0000010 
KY462828.1_Aspiculuris_tetraptera              0.1077558 0.1225973 0.1264617 0.0897011 0.0831496 0.0784800 0.0906538 0.0818998 0.0869496 0.0869496 0.0871765 0.0871765 0.0852206 0.0852206 0.0924565 0.0924565 3.7618598 4.3277168 4.6532214 0.0000010 0.0006096 0.0248263 0.0000020 0.0012213 0.0000000 0.0000010 0.1060768 0.1060768 0.1060768 0.1060768 0.1068843 0.1068843 0.0033536 0.0033536 0.1064380 0.1064380 0.0033418 0.0033418 0.0033418 0.1064380 0.0056801 0.0993844 0.1073343 0.1073343 0.0033656 0.1073343 0.0033656 0.1073343 0.0057444 0.1007126 0.0925754 0.0000010 0.0067595 0.0851635 0.0000010 0.0948480 0.1076828 0.0000010 
MT613322.1_Aspiculuris_tetraptera              0.0884942 0.0682245 0.0511160 0.0760451 0.0716320 0.0000010 0.0860122 0.0753605 0.0000010 0.0000010 0.0000010 0.0000010 0.0000010 0.0000010 0.0000010 0.0000010 0.0000010 0.0000010 0.0000010 0.0000010 0.0058048 0.1059483 0.0034620 0.0000010 0.0000010 0.0000000 0.0000010 0.0000010 0.0000010 0.0000010 0.0000010 0.0000010 0.0000010 0.0000010 0.0000010 0.0000010 0.0000010 0.0000010 0.0000010 0.0000010 0.0000010 0.0184707 0.0000010 0.0000010 0.0000010 0.0000010 0.0000010 0.0000010 0.0000010 0.0184707 0.0925754 0.0000010 0.0067595 0.0851635 0.0000010 0.0948480 0.0922128 0.0000010 
18S_0067a_deg_3Mod_53_F.NSR399_3Mod_53_R_ASV_1 0.1795190 0.1263622 0.1341767 0.0000010 0.0000010 0.0180737 0.0421817 0.0200757 0.0000010 0.0000010 0.0067176 0.0067176 0.0101301 0.0101301 0.0244439 0.0244439 3.8441001 3.5434894 3.6769533 0.0000010 0.1085340 0.0915858 0.1109353 0.1154793 0.1060768 0.0000010 0.0000000 0.0031173 0.0000010 0.0031173 0.0000010 0.0000010 0.1045998 0.1093206 0.0031252 0.0031252 0.1088861 0.1088861 0.1088861 0.0031252 0.0000010 0.0000010 0.0031461 0.0031461 0.1097585 0.0031461 0.1097585 0.0031461 0.0000010 0.0000010 0.0000010 0.0000010 0.0000010 0.0000010 0.0000010 0.0000010 0.0000010 0.0000010 
18S_0067a_deg_3Mod_53_F.NSR399_3Mod_53_R_ASV_2 0.1728035 0.1263622 0.1341767 0.0000010 0.0000010 0.0180737 0.0421817 0.0200757 0.0000010 0.0000010 0.0067176 0.0067176 0.0101301 0.0101301 0.0244439 0.0244439 3.8525940 3.5509556 3.6854105 0.0000010 0.1034670 0.0915858 0.1109353 0.1154793 0.1060768 0.0000010 0.0031173 0.0000000 0.0031173 0.0000010 0.0000010 0.0000010 0.1045998 0.1042071 0.0000010 0.0000010 0.1037979 0.1037979 0.1037979 0.0000010 0.0000010 0.0000010 0.0000010 0.0000010 0.1046194 0.0000010 0.1046194 0.0000010 0.0000010 0.0000010 0.0000010 0.0000010 0.0000010 0.0000010 0.0000010 0.0000010 0.0000010 0.0000010 
18S_0067a_deg_3Mod_53_F.NSR399_3Mod_53_R_ASV_3 0.1795190 0.1263622 0.1341767 0.0000010 0.0000010 0.0179825 0.0421817 0.0200757 0.0000010 0.0000010 0.0067176 0.0067176 0.0101301 0.0101301 0.0244439 0.0244439 3.8599148 3.5077904 3.6388481 0.0000010 0.1085340 0.0915858 0.1109353 0.1154793 0.1060768 0.0000010 0.0000010 0.0031173 0.0000000 0.0031064 0.0000010 0.0000010 0.1045998 0.1093206 0.0031252 0.0031252 0.1088861 0.1088861 0.1088861 0.0031252 0.0000010 0.0000010 0.0031461 0.0031461 0.1097585 0.0031461 0.1097585 0.0031461 0.0000010 0.0000010 0.0000010 0.0000010 0.0000010 0.0000010 0.0000010 0.0000010 0.0000010 0.0000010 
18S_0067a_deg_3Mod_53_F.NSR399_3Mod_53_R_ASV_4 0.1728035 0.1263622 0.1341767 0.0000010 0.0000010 0.0179825 0.0421817 0.0200757 0.0000010 0.0000010 0.0067176 0.0067176 0.0101301 0.0101301 0.0244439 0.0244439 3.8684476 3.5150192 3.6470316 0.0000010 0.1034670 0.0915858 0.1109353 0.1154793 0.1060768 0.0000010 0.0031173 0.0000010 0.0031064 0.0000000 0.0000010 0.0000010 0.1045998 0.1042071 0.0000010 0.0000010 0.1037979 0.1037979 0.1037979 0.0000010 0.0000010 0.0000010 0.0000010 0.0000010 0.1046194 0.0000010 0.1046194 0.0000010 0.0000010 0.0000010 0.0000010 0.0000010 0.0000010 0.0000010 0.0000010 0.0000010 0.0000010 0.0000010 
18S_0067a_deg_5Mod_52_F.NSR399_5Mod_52_R_ASV_1 0.1749832 0.1276588 0.1356410 0.0000010 0.0000010 0.0182298 0.0424644 0.0202030 0.0000010 0.0000010 0.0067602 0.0067602 0.0101948 0.0101948 0.0246059 0.0246059 3.7592431 3.4634341 3.5939294 0.0000010 0.1045998 0.0924398 0.1117879 0.1163724 0.1068843 0.0000010 0.0000010 0.0000010 0.0000010 0.0000010 0.0000000 0.0000010 0.1045998 0.1045998 0.0000010 0.0000010 0.1045998 0.1045998 0.1045998 0.0000010 0.0000010 0.0000010 0.0000010 0.0000010 0.1050153 0.0000010 0.1050153 0.0000010 0.0000010 0.0000010 0.0000010 0.0000010 0.0000010 0.0000010 0.0000010 0.0000010 0.0000010 0.0000010 
18S_0067a_deg_5Mod_52_F.NSR399_5Mod_52_R_ASV_2 0.1749832 0.1276588 0.1356410 0.0000010 0.0000010 0.0181370 0.0424644 0.0202030 0.0000010 0.0000010 0.0067602 0.0067602 0.0101948 0.0101948 0.0246059 0.0246059 3.7753610 3.4283657 3.5565135 0.0000010 0.1045998 0.0924398 0.1117879 0.1163724 0.1068843 0.0000010 0.0000010 0.0000010 0.0000010 0.0000010 0.0000010 0.0000000 0.1045998 0.1045998 0.0000010 0.0000010 0.1045998 0.1045998 0.1045998 0.0000010 0.0000010 0.0000010 0.0000010 0.0000010 0.1050153 0.0000010 0.1050153 0.0000010 0.0000010 0.0000010 0.0000010 0.0000010 0.0000010 0.0000010 0.0000010 0.0000010 0.0000010 0.0000010 
18S_0067a_deg_5Mod_52_F.NSR399_5Mod_52_R_ASV_3 0.1179041 0.1191776 0.1264330 0.0000010 0.0000010 0.1067928 0.1119560 0.1256025 0.1043264 0.1043264 0.1098821 0.1098821 0.1088351 0.1088351 0.1260886 0.1260886 3.6788939 3.7824310 3.9081003 0.0000010 0.0000010 0.0084220 0.0067552 0.0101751 0.0033536 0.0000010 0.1045998 0.1045998 0.1045998 0.1045998 0.1045998 0.1045998 0.0000000 0.0000010 0.1045998 0.1045998 0.0000010 0.0000010 0.0000010 0.1045998 0.0000010 0.0000010 0.1050153 0.1050153 0.0000010 0.1050153 0.0000010 0.1050153 0.0000010 0.0000010 0.0000010 0.0000010 0.0000010 0.0000010 0.0000010 0.0000010 0.0000010 0.0000010 
18S_0067a_deg_5Mod_52_F.NSR399_5Mod_52_R_ASV_4 0.1174380 0.1191776 0.1264330 0.0000010 0.0000010 0.1067928 0.1119560 0.1256025 0.1043264 0.1043264 0.1098821 0.1098821 0.1088351 0.1088351 0.1260886 0.1260886 3.7028465 3.8096349 3.9361426 0.0000010 0.0000010 0.0084220 0.0067552 0.0101751 0.0033536 0.0000010 0.1093206 0.1042071 0.1093206 0.1042071 0.1045998 0.1045998 0.0000010 0.0000000 0.1042071 0.1042071 0.0000010 0.0000010 0.0000010 0.1042071 0.0000010 0.0000010 0.1046194 0.1046194 0.0000010 0.1046194 0.0000010 0.1046194 0.0000010 0.0000010 0.0000010 0.0000010 0.0000010 0.0000010 0.0000010 0.0000010 0.0000010 0.0000010 
MarkN_10_F.Euk360_CR_21_R_ASV_1                0.1726509 0.1269447 0.1348357 0.0000010 0.0000010 0.0181421 0.0423058 0.0201312 0.0000010 0.0000010 0.0067361 0.0067361 0.0101581 0.0101581 0.0245146 0.0245146 3.8931992 3.6428279 3.7759012 0.0000010 0.1061743 0.0919659 0.1113172 0.1158799 0.1064380 0.0000010 0.0031252 0.0000010 0.0031252 0.0000010 0.0000010 0.0000010 0.1045998 0.1042071 0.0000000 0.0029703 0.1067118 0.1019849 0.1059366 0.0029529 0.0000010 0.0000010 0.0029761 0.0000010 0.1075222 0.0029892 0.1027507 0.0029715 0.0000010 0.0000010 0.0000010 0.0000010 0.0000010 0.0000010 0.0000010 0.0000010 0.0000010 0.0000010 
MarkN_10_F.Euk360_CR_21_R_ASV_2                0.1726328 0.1269447 0.1348357 0.0000010 0.0000010 0.0181421 0.0423058 0.0201312 0.0000010 0.0000010 0.0067361 0.0067361 0.0101581 0.0101581 0.0245146 0.0245146 3.9631818 3.7139720 3.8515678 0.0000010 0.1061858 0.0919659 0.1113172 0.1158799 0.1064380 0.0000010 0.0031252 0.0000010 0.0031252 0.0000010 0.0000010 0.0000010 0.1045998 0.1042071 0.0029703 0.0000000 0.1020646 0.1067118 0.1066367 0.0029675 0.0000010 0.0000010 0.0029770 0.0029892 0.1028324 0.0000010 0.1075222 0.0029863 0.0000010 0.0000010 0.0000010 0.0000010 0.0000010 0.0000010 0.0000010 0.0000010 0.0000010 0.0000010 
MarkN_10_F.Euk360_CR_21_R_ASV_3                0.1143609 0.1185277 0.1257022 0.0000010 0.0000010 0.1061926 0.1114839 0.1250662 0.1038849 0.1038849 0.1094108 0.1094108 0.1083725 0.1083725 0.1255310 0.1255310 3.8623614 3.9728576 4.1005326 0.0000010 0.0030051 0.0083845 0.0067311 0.0101387 0.0033418 0.0000010 0.1088861 0.1037979 0.1088861 0.1037979 0.1045998 0.1045998 0.0000010 0.0000010 0.1067118 0.1020646 0.0000000 0.0029982 0.0029953 0.1066367 0.0000010 0.0000010 0.1069889 0.1075222 0.0000010 0.1028324 0.0030174 0.1074463 0.0000010 0.0000010 0.0000010 0.0000010 0.0000010 0.0000010 0.0000010 0.0000010 0.0000010 0.0000010 
MarkN_10_F.Euk360_CR_21_R_ASV_4                0.1143509 0.1185277 0.1257022 0.0000010 0.0000010 0.1061926 0.1114839 0.1250662 0.1038849 0.1038849 0.1094108 0.1094108 0.1083725 0.1083725 0.1255310 0.1255310 3.7948182 3.8951854 4.0189301 0.0000010 0.0030041 0.0083845 0.0067311 0.0101387 0.0033418 0.0000010 0.1088861 0.1037979 0.1088861 0.1037979 0.1045998 0.1045998 0.0000010 0.0000010 0.1019849 0.1067118 0.0029982 0.0000000 0.0029804 0.1059366 0.0000010 0.0000010 0.1069776 0.1027507 0.0030174 0.1075222 0.0000010 0.1067351 0.0000010 0.0000010 0.0000010 0.0000010 0.0000010 0.0000010 0.0000010 0.0000010 0.0000010 0.0000010 
MarkN_10_F.Euk360_CR_21_R_ASV_5                0.1150683 0.1185277 0.1257022 0.0000010 0.0000010 0.1061926 0.1114839 0.1250662 0.1038849 0.1038849 0.1094108 0.1094108 0.1083725 0.1083725 0.1255310 0.1255310 3.8443978 3.9514010 4.0770608 0.0000010 0.0030213 0.0083845 0.0067311 0.0101387 0.0033418 0.0000010 0.1088861 0.1037979 0.1088861 0.1037979 0.1045998 0.1045998 0.0000010 0.0000010 0.1059366 0.1066367 0.0029953 0.0029804 0.0000000 0.1019949 0.0000010 0.0000010 0.1076308 0.1067351 0.0030145 0.1074463 0.0029994 0.1027607 0.0000010 0.0000010 0.0000010 0.0000010 0.0000010 0.0000010 0.0000010 0.0000010 0.0000010 0.0000010 
MarkN_10_F.Euk360_CR_21_R_ASV_6                0.1737468 0.1269447 0.1348357 0.0000010 0.0000010 0.0181421 0.0423058 0.0201312 0.0000010 0.0000010 0.0067361 0.0067361 0.0101581 0.0101581 0.0245146 0.0245146 3.9439284 3.6960093 3.8314943 0.0000010 0.1068192 0.0919659 0.1113172 0.1158799 0.1064380 0.0000010 0.0031252 0.0000010 0.0031252 0.0000010 0.0000010 0.0000010 0.1045998 0.1042071 0.0029529 0.0029675 0.1066367 0.1059366 0.1019949 0.0000000 0.0000010 0.0000010 0.0029929 0.0029715 0.1074463 0.0029863 0.1067351 0.0000010 0.0000010 0.0000010 0.0000010 0.0000010 0.0000010 0.0000010 0.0000010 0.0000010 0.0000010 0.0000010 
Hadz_566_6_F.Nem_0425_4_2_R_ASV_1              0.1611035 0.1694825 0.1784580 0.1302070 0.0953806 0.0993977 0.1289614 0.0917558 0.1181989 0.1181989 0.1181989 0.1181989 0.1132488 0.1132488 0.1179628 0.1179628 0.0000010 0.0000010 0.0000010 0.0056801 0.0056801 0.0360639 0.0056801 0.0056801 0.0056801 0.0000010 0.0000010 0.0000010 0.0000010 0.0000010 0.0000010 0.0000010 0.0000010 0.0000010 0.0000010 0.0000010 0.0000010 0.0000010 0.0000010 0.0000010 0.0000000 0.0953806 0.0000010 0.0000010 0.0000010 0.0000010 0.0000010 0.0000010 0.0000010 0.0966444 0.0000010 0.0000010 0.0000010 0.0000010 0.0000010 0.0000010 0.0000010 0.0000010 
Hadz_566_6_F.Nem_0425_4_2_R_ASV_2              0.2054331 0.2073905 0.2279901 0.0958140 0.0000010 0.0030827 0.1071294 0.0027707 0.0000010 0.0000010 0.0000010 0.0000010 0.0035573 0.0035573 0.0258948 0.0258948 0.0000010 0.0000010 0.0000010 0.0993844 0.0993844 0.1200745 0.0993844 0.0993844 0.0993844 0.0184707 0.0000010 0.0000010 0.0000010 0.0000010 0.0000010 0.0000010 0.0000010 0.0000010 0.0000010 0.0000010 0.0000010 0.0000010 0.0000010 0.0000010 0.0953806 0.0000000 0.0000010 0.0000010 0.0000010 0.0000010 0.0000010 0.0000010 0.0966444 0.0000010 0.0000010 0.0000010 0.0000010 0.0000010 0.0000010 0.0000010 0.0000010 0.0000010 
MarkN_10_F.Proti440R_28_R_ASV_1                0.1688808 0.1283810 0.1364561 0.0000010 0.0000010 0.0183183 0.0426243 0.0202754 0.0000010 0.0000010 0.0067845 0.0067845 0.0102316 0.0102316 0.0246979 0.0246979 3.8842935 3.6341373 3.7664772 0.0000010 0.1027782 0.0929185 0.1122625 0.1168692 0.1073343 0.0000010 0.0031461 0.0000010 0.0031461 0.0000010 0.0000010 0.0000010 0.1050153 0.1046194 0.0029761 0.0029770 0.1069889 0.1069776 0.1076308 0.0029929 0.0000010 0.0000010 0.0000000 0.0029761 0.1069889 0.0029770 0.1069776 0.0029929 0.0000010 0.0000010 0.0000010 0.0000010 0.0000010 0.0000010 0.0000010 0.0000010 0.0000010 0.0000010 
MarkN_10_F.Proti440R_28_R_ASV_2                0.1741300 0.1283810 0.1364561 0.0000010 0.0000010 0.0183183 0.0426243 0.0202754 0.0000010 0.0000010 0.0067845 0.0067845 0.0102316 0.0102316 0.0246979 0.0246979 3.8258691 3.5741597 3.7032192 0.0000010 0.1069767 0.0929185 0.1122625 0.1168692 0.1073343 0.0000010 0.0031461 0.0000010 0.0031461 0.0000010 0.0000010 0.0000010 0.1050153 0.1046194 0.0000010 0.0029892 0.1075222 0.1027507 0.1067351 0.0029715 0.0000010 0.0000010 0.0029761 0.0000000 0.1075222 0.0029892 0.1027507 0.0029715 0.0000010 0.0000010 0.0000010 0.0000010 0.0000010 0.0000010 0.0000010 0.0000010 0.0000010 0.0000010 
MarkN_10_F.Proti440R_28_R_ASV_3                0.1152618 0.1198346 0.1271724 0.0000010 0.0000010 0.1073998 0.1124321 0.1261436 0.1047717 0.1047717 0.1103575 0.1103575 0.1093017 0.1093017 0.1266512 0.1266512 3.7958066 3.8964799 4.0204692 0.0000010 0.0030244 0.0084598 0.0067795 0.0102119 0.0033656 0.0000010 0.1097585 0.1046194 0.1097585 0.1046194 0.1050153 0.1050153 0.0000010 0.0000010 0.1075222 0.1028324 0.0000010 0.0030174 0.0030145 0.1074463 0.0000010 0.0000010 0.1069889 0.1075222 0.0000000 0.1028324 0.0030174 0.1074463 0.0000010 0.0000010 0.0000010 0.0000010 0.0000010 0.0000010 0.0000010 0.0000010 0.0000010 0.0000010 
MarkN_10_F.Proti440R_28_R_ASV_4                0.1741106 0.1283810 0.1364561 0.0000010 0.0000010 0.0183183 0.0426243 0.0202754 0.0000010 0.0000010 0.0067845 0.0067845 0.0102316 0.0102316 0.0246979 0.0246979 3.8943659 3.6436128 3.7769753 0.0000010 0.1069881 0.0929185 0.1122625 0.1168692 0.1073343 0.0000010 0.0031461 0.0000010 0.0031461 0.0000010 0.0000010 0.0000010 0.1050153 0.1046194 0.0029892 0.0000010 0.1028324 0.1075222 0.1074463 0.0029863 0.0000010 0.0000010 0.0029770 0.0029892 0.1028324 0.0000000 0.1075222 0.0029863 0.0000010 0.0000010 0.0000010 0.0000010 0.0000010 0.0000010 0.0000010 0.0000010 0.0000010 0.0000010 
MarkN_10_F.Proti440R_28_R_ASV_5                0.1152519 0.1198346 0.1271724 0.0000010 0.0000010 0.1073998 0.1124321 0.1261436 0.1047717 0.1047717 0.1103575 0.1103575 0.1093017 0.1093017 0.1266512 0.1266512 3.7296437 3.8207738 3.9410316 0.0000010 0.0030234 0.0084598 0.0067795 0.0102119 0.0033656 0.0000010 0.1097585 0.1046194 0.1097585 0.1046194 0.1050153 0.1050153 0.0000010 0.0000010 0.1027507 0.1075222 0.0030174 0.0000010 0.0029994 0.1067351 0.0000010 0.0000010 0.1069776 0.1027507 0.0030174 0.1075222 0.0000000 0.1067351 0.0000010 0.0000010 0.0000010 0.0000010 0.0000010 0.0000010 0.0000010 0.0000010 0.0000010 0.0000010 
MarkN_10_F.Proti440R_28_R_ASV_6                0.1752425 0.1283810 0.1364561 0.0000010 0.0000010 0.0183183 0.0426243 0.0202754 0.0000010 0.0000010 0.0067845 0.0067845 0.0102316 0.0102316 0.0246979 0.0246979 3.8759473 3.6265394 3.7579167 0.0000010 0.1076309 0.0929185 0.1122625 0.1168692 0.1073343 0.0000010 0.0031461 0.0000010 0.0031461 0.0000010 0.0000010 0.0000010 0.1050153 0.1046194 0.0029715 0.0029863 0.1074463 0.1067351 0.1027607 0.0000010 0.0000010 0.0000010 0.0029929 0.0029715 0.1074463 0.0029863 0.1067351 0.0000000 0.0000010 0.0000010 0.0000010 0.0000010 0.0000010 0.0000010 0.0000010 0.0000010 0.0000010 0.0000010 
Gen_600_7_F.Nem_0425_4_2_R_ASV_1               0.1634913 0.1720693 0.1814705 0.1320074 0.0966444 0.1008767 0.1307278 0.0929669 0.1203050 0.1203050 0.1203050 0.1203050 0.1152555 0.1152555 0.1200593 0.1200593 0.0000010 0.0000010 0.0000010 0.0057444 0.0057444 0.0364972 0.0057444 0.0057444 0.0057444 0.0000010 0.0000010 0.0000010 0.0000010 0.0000010 0.0000010 0.0000010 0.0000010 0.0000010 0.0000010 0.0000010 0.0000010 0.0000010 0.0000010 0.0000010 0.0000010 0.0966444 0.0000010 0.0000010 0.0000010 0.0000010 0.0000010 0.0000010 0.0000000 0.0966444 0.0000010 0.0000010 0.0000010 0.0000010 0.0000010 0.0000010 0.0000010 0.0000010 
Gen_600_7_F.Nem_0425_4_2_R_ASV_2               0.2085754 0.2106506 0.2320344 0.0970457 0.0000010 0.0031208 0.1085316 0.0028013 0.0000010 0.0000010 0.0000010 0.0000010 0.0036078 0.0036078 0.0262791 0.0262791 0.0000010 0.0000010 0.0000010 0.1007126 0.1007126 0.1217433 0.1007126 0.1007126 0.1007126 0.0184707 0.0000010 0.0000010 0.0000010 0.0000010 0.0000010 0.0000010 0.0000010 0.0000010 0.0000010 0.0000010 0.0000010 0.0000010 0.0000010 0.0000010 0.0966444 0.0000010 0.0000010 0.0000010 0.0000010 0.0000010 0.0000010 0.0000010 0.0966444 0.0000000 0.0000010 0.0000010 0.0000010 0.0000010 0.0000010 0.0000010 0.0000010 0.0000010 
Prot1702_32_F.wang1624CR6S_16_R_ASV_1          0.1255338 0.0000010 0.0000010 0.0723034 0.0000010 0.0000010 0.0651326 0.0029578 0.0000010 0.0000010 0.0000010 0.0000010 0.0000010 0.0000010 0.0000010 0.0000010 0.0000010 0.0000010 0.0000010 0.0889339 0.0925754 0.0000010 0.0925754 0.0925754 0.0925754 0.0925754 0.0000010 0.0000010 0.0000010 0.0000010 0.0000010 0.0000010 0.0000010 0.0000010 0.0000010 0.0000010 0.0000010 0.0000010 0.0000010 0.0000010 0.0000010 0.0000010 0.0000010 0.0000010 0.0000010 0.0000010 0.0000010 0.0000010 0.0000010 0.0000010 0.0000000 0.0925754 0.1452029 0.0000010 0.1749160 0.0000010 0.0000010 0.0533093 
Prot1702_32_F.wang1624CR6S_16_R_ASV_2          0.0997047 0.0000010 0.0000010 0.0811898 0.0925754 0.0000010 0.0860039 0.0925623 0.0000010 0.0000010 0.0000010 0.0000010 0.0000010 0.0000010 0.0000010 0.0000010 0.0000010 0.0000010 0.0000010 0.0000010 0.0000010 0.0000010 0.0000010 0.0000010 0.0000010 0.0000010 0.0000010 0.0000010 0.0000010 0.0000010 0.0000010 0.0000010 0.0000010 0.0000010 0.0000010 0.0000010 0.0000010 0.0000010 0.0000010 0.0000010 0.0000010 0.0000010 0.0000010 0.0000010 0.0000010 0.0000010 0.0000010 0.0000010 0.0000010 0.0000010 0.0925754 0.0000000 0.0000010 0.1452029 0.0000010 0.1749160 0.0533093 0.0000010 
wang1141_13_F.Nem_0425_6_3_R_ASV_1             0.1023969 0.0000010 0.0000010 0.0893909 0.0892710 0.0000010 0.0994759 0.0892558 0.0000010 0.0000010 0.0000010 0.0000010 0.0000010 0.0000010 0.0000010 0.0000010 0.0000010 0.0000010 0.0000010 0.0067595 0.0067595 0.0000010 0.0067595 0.0067595 0.0067595 0.0067595 0.0000010 0.0000010 0.0000010 0.0000010 0.0000010 0.0000010 0.0000010 0.0000010 0.0000010 0.0000010 0.0000010 0.0000010 0.0000010 0.0000010 0.0000010 0.0000010 0.0000010 0.0000010 0.0000010 0.0000010 0.0000010 0.0000010 0.0000010 0.0000010 0.1452029 0.0000010 0.0000000 0.0808124 0.0000010 0.0948480 0.0000010 0.0000010 
wang1141_13_F.Nem_0425_6_3_R_ASV_2             0.0985475 0.0000010 0.0000010 0.0673839 0.0033595 0.0000010 0.0632524 0.0067853 0.0000010 0.0000010 0.0000010 0.0000010 0.0000010 0.0000010 0.0000010 0.0000010 0.0000010 0.0000010 0.0000010 0.0851635 0.0851635 0.0000010 0.0851635 0.0851635 0.0851635 0.0851635 0.0000010 0.0000010 0.0000010 0.0000010 0.0000010 0.0000010 0.0000010 0.0000010 0.0000010 0.0000010 0.0000010 0.0000010 0.0000010 0.0000010 0.0000010 0.0000010 0.0000010 0.0000010 0.0000010 0.0000010 0.0000010 0.0000010 0.0000010 0.0000010 0.0000010 0.1452029 0.0808124 0.0000000 0.0948480 0.0000010 0.0000010 0.0000010 
wang1141_13_F.Nem_0425_6_3_R_ASV_3             0.1102748 0.0000010 0.0000010 0.0949955 0.0948480 0.0000010 0.1069277 0.0948310 0.0000010 0.0000010 0.0000010 0.0000010 0.0000010 0.0000010 0.0000010 0.0000010 0.0000010 0.0000010 0.0000010 0.0000010 0.0000010 0.0000010 0.0000010 0.0000010 0.0000010 0.0000010 0.0000010 0.0000010 0.0000010 0.0000010 0.0000010 0.0000010 0.0000010 0.0000010 0.0000010 0.0000010 0.0000010 0.0000010 0.0000010 0.0000010 0.0000010 0.0000010 0.0000010 0.0000010 0.0000010 0.0000010 0.0000010 0.0000010 0.0000010 0.0000010 0.1749160 0.0000010 0.0000010 0.0948480 0.0000000 0.0948480 0.0000010 0.0000010 
wang1141_13_F.Nem_0425_6_3_R_ASV_4             0.1107818 0.0000010 0.0000010 0.0738519 0.0000010 0.0000010 0.0690145 0.0038776 0.0000010 0.0000010 0.0000010 0.0000010 0.0000010 0.0000010 0.0000010 0.0000010 0.0000010 0.0000010 0.0000010 0.0948480 0.0948480 0.0000010 0.0948480 0.0948480 0.0948480 0.0948480 0.0000010 0.0000010 0.0000010 0.0000010 0.0000010 0.0000010 0.0000010 0.0000010 0.0000010 0.0000010 0.0000010 0.0000010 0.0000010 0.0000010 0.0000010 0.0000010 0.0000010 0.0000010 0.0000010 0.0000010 0.0000010 0.0000010 0.0000010 0.0000010 0.0000010 0.1749160 0.0948480 0.0000010 0.0948480 0.0000000 0.0000010 0.0000010 
Nem_0425_6CR_14_F.EukB_MH_24_R_ASV_1           0.1368899 0.0000010 0.0000010 0.0729793 0.0000010 0.0000010 0.0825102 0.0064827 0.0000010 0.0000010 0.0000010 0.0000010 0.0000010 0.0000010 0.0000010 0.0000010 0.0000010 0.0000010 0.0000010 0.0881107 0.1234158 0.0000010 0.1084515 0.0988491 0.1076828 0.0922128 0.0000010 0.0000010 0.0000010 0.0000010 0.0000010 0.0000010 0.0000010 0.0000010 0.0000010 0.0000010 0.0000010 0.0000010 0.0000010 0.0000010 0.0000010 0.0000010 0.0000010 0.0000010 0.0000010 0.0000010 0.0000010 0.0000010 0.0000010 0.0000010 0.0000010 0.0533093 0.0000010 0.0000010 0.0000010 0.0000010 0.0000000 0.0918597 
Nem_0425_6CR_14_F.EukB_MH_24_R_ASV_2           0.1056745 0.0000010 0.0000010 0.1013800 0.0965605 0.0000010 0.1234536 0.1097955 0.0000010 0.0000010 0.0000010 0.0000010 0.0000010 0.0000010 0.0000010 0.0000010 0.0000010 0.0000010 0.0000010 0.0000010 0.0162089 0.0000010 0.0095639 0.0000010 0.0000010 0.0000010 0.0000010 0.0000010 0.0000010 0.0000010 0.0000010 0.0000010 0.0000010 0.0000010 0.0000010 0.0000010 0.0000010 0.0000010 0.0000010 0.0000010 0.0000010 0.0000010 0.0000010 0.0000010 0.0000010 0.0000010 0.0000010 0.0000010 0.0000010 0.0000010 0.0533093 0.0000010 0.0000010 0.0000010 0.0000010 0.0000010 0.0918597 0.0000000 
